0 0.996066
1 0.992149
2 0.988248
3 0.984364
4 0.980497
5 0.976647
6 0.972813
7 0.968996
8 0.965195
9 0.96141
10 0.957642
11 0.95389
12 0.950154
13 0.946434
14 0.94273
15 0.939043
16 0.935371
17 0.931715
18 0.928075
19 0.92445
20 0.920842
21 0.917249
22 0.913671
23 0.91011
24 0.906563
25 0.903032
26 0.899517
27 0.896017
28 0.892532
29 0.889062
30 0.885607
31 0.882168
32 0.878743
33 0.875334
34 0.87194
35 0.86856
36 0.865195
37 0.861846
38 0.85851
39 0.85519
40 0.851884
41 0.848593
42 0.845317
43 0.842055
44 0.838807
45 0.835574
46 0.832355
47 0.829151
48 0.82596
49 0.822785
50 0.819623
51 0.816475
52 0.813342
53 0.810222
54 0.807117
55 0.804025
56 0.800948
57 0.797884
58 0.794835
59 0.791799
60 0.788776
61 0.785768
62 0.782773
63 0.779792
64 0.776825
65 0.773871
66 0.77093
67 0.768003
68 0.765089
69 0.762189
70 0.759303
71 0.756429
72 0.753569
73 0.750722
74 0.747888
75 0.745068
76 0.74226
77 0.739466
78 0.736685
79 0.733916
80 0.731161
81 0.728419
82 0.72569
83 0.722973
84 0.720269
85 0.717579
86 0.714901
87 0.712235
88 0.709583
89 0.706943
90 0.704316
91 0.701701
92 0.699099
93 0.696509
94 0.693932
95 0.691368
96 0.688816
97 0.686276
98 0.683749
99 0.681234
100 0.678732
101 0.676241
102 0.673763
103 0.671297
104 0.668844
105 0.666403
106 0.663973
107 0.661556
108 0.659151
109 0.656758
110 0.654377
111 0.652008
112 0.649651
113 0.647306
114 0.644973
115 0.642652
116 0.640342
117 0.638045
118 0.635759
119 0.633485
120 0.631223
121 0.628973
122 0.626734
123 0.624507
124 0.622291
125 0.620087
126 0.617895
127 0.615715
128 0.613545
129 0.611388
130 0.609242
131 0.607107
132 0.604984
133 0.602872
134 0.600772
135 0.598683
136 0.596605
137 0.594539
138 0.592484
139 0.59044
140 0.588408
141 0.586387
142 0.584377
143 0.582378
144 0.58039
145 0.578414
146 0.576448
147 0.574494
148 0.572551
149 0.570619
150 0.568698
151 0.566788
152 0.564889
153 0.563001
154 0.561124
155 0.559257
156 0.557402
157 0.555558
158 0.553724
159 0.551902
160 0.55009
161 0.548289
162 0.546499
163 0.544719
164 0.54295
165 0.541193
166 0.539445
167 0.537709
168 0.535983
169 0.534268
170 0.532563
171 0.530869
172 0.529186
173 0.527513
174 0.525851
175 0.5242
176 0.522559
177 0.520928
178 0.519308
179 0.517699
180 0.5161
181 0.514511
182 0.512933
183 0.511365
184 0.509808
185 0.508261
186 0.506725
187 0.505199
188 0.503683
189 0.502177
190 0.500682
191 0.499197
192 0.497722
193 0.496258
194 0.494804
195 0.49336
196 0.491927
197 0.490503
198 0.48909
199 0.487687
200 0.486294
201 0.484911
202 0.483538
203 0.482176
204 0.480824
205 0.479481
206 0.478149
207 0.476827
208 0.475515
209 0.474213
210 0.472921
211 0.471639
212 0.470367
213 0.469105
214 0.467853
215 0.466611
216 0.465378
217 0.464156
218 0.462944
219 0.461742
220 0.460549
221 0.459367
222 0.458194
223 0.457031
224 0.455878
225 0.454735
226 0.453602
227 0.452478
228 0.451365
229 0.450261
230 0.449167
231 0.448083
232 0.447008
233 0.445943
234 0.444888
235 0.443843
236 0.442808
237 0.441782
238 0.440766
239 0.439759
240 0.438763
241 0.437776
242 0.436798
243 0.435831
244 0.434873
245 0.433924
246 0.432985
247 0.432056
248 0.431137
249 0.430227
250 0.429327
251 0.428436
252 0.427555
253 0.426683
254 0.425821
255 0.424969
256 0.424126
257 0.423292
258 0.422469
259 0.421654
260 0.420849
261 0.420054
262 0.419268
263 0.418492
264 0.417725
265 0.416968
266 0.41622
267 0.415482
268 0.414753
269 0.414033
270 0.413323
271 0.412623
272 0.411931
273 0.41125
274 0.410577
275 0.409914
276 0.409261
277 0.408617
278 0.407982
279 0.407357
280 0.406741
281 0.406134
282 0.405537
283 0.404949
284 0.40437
285 0.403801
286 0.403242
287 0.402691
288 0.40215
289 0.401618
290 0.401096
291 0.400583
292 0.400079
293 0.399584
294 0.399099
295 0.398623
296 0.398157
297 0.397699
298 0.397251
299 0.396813
300 0.396383
301 0.395963
302 0.395552
303 0.39515
304 0.394758
305 0.394375
306 0.394001
307 0.393637
308 0.393281
309 0.392935
310 0.392599
311 0.392271
312 0.391953
313 0.391644
314 0.391344
315 0.391053
316 0.390772
317 0.390499
318 0.390237
319 0.389983
320 0.389738
321 0.389503
322 0.389277
323 0.38906
324 0.388853
325 0.388654
326 0.388465
327 0.388285
328 0.388114
329 0.387952
330 0.3878
331 0.387657
332 0.387523
333 0.387398
334 0.387282
335 0.387176
336 0.387079
337 0.386991
338 0.386912
339 0.386842
340 0.386782
341 0.38673
342 0.386688
343 0.386655
344 0.386632
345 0.386617
346 0.386612
347 0.386616
348 0.386629
349 0.386651
350 0.386683
351 0.386723
352 0.386773
353 0.386832
354 0.3869
355 0.386978
356 0.387064
357 0.38716
358 0.387265
359 0.387379
360 0.387502
361 0.387635
362 0.387777
363 0.387928
364 0.388088
365 0.388257
366 0.388436
367 0.388623
368 0.38882
369 0.389027
370 0.389242
371 0.389467
372 0.3897
373 0.389943
374 0.390196
375 0.390457
376 0.390728
377 0.391008
378 0.391297
379 0.391595
380 0.391903
381 0.39222
382 0.392546
383 0.392881
384 0.393226
385 0.39358
386 0.393943
387 0.394315
388 0.394697
389 0.395087
390 0.395488
391 0.395897
392 0.396316
393 0.396744
394 0.397181
395 0.397627
396 0.398083
397 0.398548
398 0.399023
399 0.399506
