0 0.99902
1 0.998045
2 0.997074
3 0.996107
4 0.995144
5 0.994186
6 0.993232
7 0.992282
8 0.991336
9 0.990394
10 0.989457
11 0.988523
12 0.987594
13 0.986669
14 0.985749
15 0.984832
16 0.98392
17 0.983011
18 0.982107
19 0.981208
20 0.980312
21 0.97942
22 0.978533
23 0.97765
24 0.97677
25 0.975895
26 0.975024
27 0.974158
28 0.973295
29 0.972437
30 0.971582
31 0.970732
32 0.969886
33 0.969044
34 0.968206
35 0.967372
36 0.966542
37 0.965717
38 0.964895
39 0.964078
40 0.963264
41 0.962455
42 0.96165
43 0.960849
44 0.960052
45 0.959259
46 0.95847
47 0.957685
48 0.956904
49 0.956127
50 0.955355
51 0.954586
52 0.953821
53 0.953061
54 0.952304
55 0.951552
56 0.950803
57 0.950059
58 0.949319
59 0.948582
60 0.94785
61 0.947122
62 0.946397
63 0.945677
64 0.944961
65 0.944248
66 0.94354
67 0.942836
68 0.942136
69 0.941439
70 0.940747
71 0.940059
72 0.939375
73 0.938694
74 0.938018
75 0.937346
76 0.936677
77 0.936013
78 0.935352
79 0.934696
80 0.934044
81 0.933395
82 0.932751
83 0.93211
84 0.931473
85 0.930841
86 0.930212
87 0.929587
88 0.928966
89 0.928349
90 0.927737
91 0.927128
92 0.926522
93 0.925921
94 0.925324
95 0.924731
96 0.924142
97 0.923556
98 0.922975
99 0.922397
100 0.921824
101 0.921254
102 0.920688
103 0.920126
104 0.919568
105 0.919014
106 0.918464
107 0.917918
108 0.917375
109 0.916837
110 0.916302
111 0.915772
112 0.915245
113 0.914722
114 0.914203
115 0.913688
116 0.913176
117 0.912669
118 0.912166
119 0.911666
120 0.91117
121 0.910679
122 0.910191
123 0.909707
124 0.909226
125 0.90875
126 0.908277
127 0.907809
128 0.907344
129 0.906883
130 0.906426
131 0.905973
132 0.905524
133 0.905078
134 0.904637
135 0.904199
136 0.903765
137 0.903335
138 0.902909
139 0.902486
140 0.902068
141 0.901653
142 0.901242
143 0.900835
144 0.900432
145 0.900033
146 0.899637
147 0.899245
148 0.898858
149 0.898473
150 0.898093
151 0.897717
152 0.897344
153 0.896976
154 0.896611
155 0.89625
156 0.895892
157 0.895539
158 0.895189
159 0.894843
160 0.894501
161 0.894163
162 0.893829
163 0.893498
164 0.893171
165 0.892848
166 0.892529
167 0.892214
168 0.891902
169 0.891595
170 0.891291
171 0.890991
172 0.890694
173 0.890402
174 0.890113
175 0.889828
176 0.889547
177 0.889269
178 0.888996
179 0.888726
180 0.88846
181 0.888198
182 0.887939
183 0.887685
184 0.887434
185 0.887187
186 0.886943
187 0.886704
188 0.886468
189 0.886236
190 0.886008
191 0.885784
192 0.885563
193 0.885346
194 0.885133
195 0.884924
196 0.884718
197 0.884517
198 0.884319
199 0.884125
200 0.883934
201 0.883748
202 0.883565
203 0.883386
204 0.88321
205 0.883039
206 0.882871
207 0.882707
208 0.882547
209 0.88239
210 0.882237
211 0.882089
212 0.881943
213 0.881802
214 0.881664
215 0.88153
216 0.8814
217 0.881274
218 0.881151
219 0.881032
220 0.880917
221 0.880806
222 0.880698
223 0.880595
224 0.880495
225 0.880398
226 0.880306
227 0.880217
228 0.880132
229 0.880051
230 0.879973
231 0.879899
232 0.879829
233 0.879763
234 0.879701
235 0.879642
236 0.879587
237 0.879536
238 0.879488
239 0.879445
240 0.879405
241 0.879369
242 0.879336
243 0.879307
244 0.879283
245 0.879261
246 0.879244
247 0.87923
248 0.87922
249 0.879214
250 0.879212
251 0.879213
252 0.879218
253 0.879227
254 0.87924
255 0.879256
256 0.879276
257 0.8793
258 0.879328
259 0.879359
260 0.879394
261 0.879433
262 0.879476
263 0.879522
264 0.879572
265 0.879626
266 0.879684
267 0.879745
268 0.879811
269 0.87988
270 0.879952
271 0.880029
272 0.880109
273 0.880193
274 0.880281
275 0.880372
276 0.880467
277 0.880566
278 0.880669
279 0.880776
280 0.880886
281 0.881
282 0.881118
283 0.881239
284 0.881365
285 0.881494
286 0.881626
287 0.881763
288 0.881903
289 0.882048
290 0.882195
291 0.882347
292 0.882503
293 0.882662
294 0.882825
295 0.882991
296 0.883162
297 0.883336
298 0.883514
299 0.883696
300 0.883882
301 0.884071
302 0.884264
303 0.884461
304 0.884662
305 0.884866
306 0.885074
307 0.885286
308 0.885502
309 0.885722
310 0.885945
311 0.886172
312 0.886403
313 0.886638
314 0.886876
315 0.887118
316 0.887364
317 0.887614
318 0.887868
319 0.888125
320 0.888386
321 0.888651
322 0.88892
323 0.889193
324 0.889469
325 0.889749
326 0.890033
327 0.890321
328 0.890612
329 0.890907
330 0.891206
331 0.891509
332 0.891816
333 0.892127
334 0.892441
335 0.892759
336 0.893081
337 0.893407
338 0.893736
339 0.894069
340 0.894407
341 0.894747
342 0.895092
343 0.895441
344 0.895793
345 0.896149
346 0.896509
347 0.896873
348 0.897241
349 0.897612
350 0.897988
351 0.898367
352 0.89875
353 0.899137
354 0.899527
355 0.899922
356 0.90032
357 0.900722
358 0.901128
359 0.901538
360 0.901951
361 0.902369
362 0.90279
363 0.903215
364 0.903644
365 0.904077
366 0.904514
367 0.904954
368 0.905399
369 0.905847
370 0.906299
371 0.906755
372 0.907215
373 0.907679
374 0.908146
375 0.908618
376 0.909093
377 0.909572
378 0.910055
379 0.910542
380 0.911033
381 0.911527
382 0.912026
383 0.912528
384 0.913034
385 0.913545
386 0.914059
387 0.914577
388 0.915098
389 0.915624
390 0.916154
391 0.916687
392 0.917224
393 0.917766
394 0.918311
395 0.91886
396 0.919413
397 0.91997
398 0.920531
399 0.921095
400 0.921664
401 0.922237
402 0.922813
403 0.923393
404 0.923978
405 0.924566
406 0.925158
407 0.925754
408 0.926354
409 0.926958
410 0.927566
411 0.928178
412 0.928794
413 0.929413
414 0.930037
415 0.930665
416 0.931296
417 0.931932
418 0.932571
419 0.933215
420 0.933862
421 0.934513
422 0.935169
423 0.935828
424 0.936491
425 0.937159
426 0.93783
427 0.938505
428 0.939184
429 0.939867
430 0.940555
431 0.941246
432 0.941941
433 0.94264
434 0.943343
435 0.94405
436 0.944761
437 0.945477
438 0.946196
439 0.946919
440 0.947646
441 0.948377
442 0.949113
443 0.949852
444 0.950595
445 0.951342
446 0.952094
447 0.952849
448 0.953609
449 0.954372
450 0.95514
451 0.955911
452 0.956687
453 0.957466
454 0.95825
455 0.959038
456 0.95983
457 0.960626
458 0.961426
459 0.96223
460 0.963038
461 0.96385
462 0.964667
463 0.965487
464 0.966311
465 0.96714
466 0.967973
467 0.96881
468 0.96965
469 0.970495
470 0.971345
471 0.972198
472 0.973055
473 0.973917
474 0.974782
475 0.975652
476 0.976526
477 0.977404
478 0.978286
479 0.979172
480 0.980063
481 0.980957
482 0.981856
483 0.982759
484 0.983666
485 0.984577
486 0.985492
487 0.986412
488 0.987336
489 0.988264
490 0.989196
491 0.990132
492 0.991073
493 0.992017
494 0.992966
495 0.993919
496 0.994877
497 0.995838
498 0.996804
499 0.997774
500 0.998748
501 0.999726
502 1.00071
503 1.0017
504 1.00269
505 1.00368
506 1.00468
507 1.00569
508 1.00669
509 1.00771
510 1.00872
511 1.00974
512 1.01077
513 1.0118
514 1.01283
515 1.01387
516 1.01491
517 1.01596
518 1.01701
519 1.01807
520 1.01913
521 1.02019
522 1.02126
523 1.02233
524 1.02341
525 1.02449
526 1.02557
527 1.02666
528 1.02776
529 1.02886
530 1.02996
531 1.03107
532 1.03218
533 1.03329
534 1.03441
535 1.03554
536 1.03667
537 1.0378
538 1.03894
539 1.04008
540 1.04123
541 1.04238
542 1.04354
543 1.0447
544 1.04586
545 1.04703
546 1.0482
547 1.04938
548 1.05056
549 1.05175
550 1.05294
551 1.05414
552 1.05534
553 1.05654
554 1.05775
555 1.05896
556 1.06018
557 1.0614
558 1.06263
559 1.06386
560 1.0651
561 1.06634
562 1.06758
563 1.06883
564 1.07009
565 1.07135
566 1.07261
567 1.07388
568 1.07515
569 1.07643
570 1.07771
571 1.07899
572 1.08028
573 1.08158
574 1.08288
575 1.08418
576 1.08549
577 1.08681
578 1.08812
579 1.08945
580 1.09077
581 1.09211
582 1.09344
583 1.09479
584 1.09613
585 1.09748
586 1.09884
587 1.1002
588 1.10156
589 1.10293
590 1.10431
591 1.10568
592 1.10707
593 1.10846
594 1.10985
595 1.11125
596 1.11265
597 1.11406
598 1.11547
599 1.11688
600 1.11831
601 1.11973
602 1.12116
603 1.1226
604 1.12404
605 1.12548
606 1.12693
607 1.12839
608 1.12985
609 1.13131
610 1.13278
611 1.13426
612 1.13574
613 1.13722
614 1.13871
615 1.1402
616 1.1417
617 1.1432
618 1.14471
619 1.14623
620 1.14774
621 1.14927
622 1.15079
623 1.15233
624 1.15386
625 1.15541
626 1.15695
627 1.15851
628 1.16006
629 1.16163
630 1.16319
631 1.16477
632 1.16634
633 1.16793
634 1.16951
635 1.17111
636 1.1727
637 1.17431
638 1.17591
639 1.17753
640 1.17914
641 1.18077
642 1.18239
643 1.18403
644 1.18567
645 1.18731
646 1.18896
647 1.19061
648 1.19227
649 1.19393
650 1.1956
651 1.19727
652 1.19895
653 1.20064
654 1.20233
655 1.20402
656 1.20572
657 1.20742
658 1.20913
659 1.21085
660 1.21257
661 1.2143
662 1.21603
663 1.21776
664 1.2195
665 1.22125
666 1.223
667 1.22476
668 1.22652
669 1.22829
670 1.23006
671 1.23184
672 1.23363
673 1.23542
674 1.23721
675 1.23901
676 1.24082
677 1.24263
678 1.24444
679 1.24626
680 1.24809
681 1.24992
682 1.25176
683 1.2536
684 1.25545
685 1.25731
686 1.25917
687 1.26103
688 1.2629
689 1.26478
690 1.26666
691 1.26855
692 1.27044
693 1.27234
694 1.27424
695 1.27615
696 1.27806
697 1.27998
698 1.28191
699 1.28384
700 1.28578
701 1.28772
702 1.28967
703 1.29163
704 1.29359
705 1.29555
706 1.29752
707 1.2995
708 1.30148
709 1.30347
710 1.30546
711 1.30746
712 1.30947
713 1.31148
714 1.3135
715 1.31552
716 1.31755
717 1.31958
718 1.32162
719 1.32367
720 1.32572
721 1.32778
722 1.32984
723 1.33191
724 1.33399
725 1.33607
726 1.33816
727 1.34025
728 1.34235
729 1.34446
730 1.34657
731 1.34868
732 1.35081
733 1.35294
734 1.35507
735 1.35721
736 1.35936
737 1.36151
738 1.36367
739 1.36584
740 1.36801
741 1.37019
742 1.37237
743 1.37456
744 1.37676
745 1.37896
746 1.38117
747 1.38338
748 1.3856
749 1.38783
750 1.39006
751 1.3923
752 1.39455
753 1.3968
754 1.39906
755 1.40132
756 1.40359
757 1.40587
758 1.40816
759 1.41045
760 1.41274
761 1.41504
762 1.41735
763 1.41967
764 1.42199
765 1.42432
766 1.42665
767 1.429
768 1.43134
769 1.4337
770 1.43606
771 1.43843
772 1.4408
773 1.44318
774 1.44557
775 1.44796
776 1.45036
777 1.45277
778 1.45518
779 1.4576
780 1.46003
781 1.46246
782 1.4649
783 1.46735
784 1.46981
785 1.47227
786 1.47473
787 1.47721
788 1.47969
789 1.48218
790 1.48467
791 1.48717
792 1.48968
793 1.4922
794 1.49472
795 1.49725
796 1.49979
797 1.50233
798 1.50488
799 1.50744
