0 0.997169
1 0.994355
2 0.991558
3 0.988777
4 0.986013
5 0.983266
6 0.980536
7 0.977822
8 0.975125
9 0.972444
10 0.96978
11 0.967133
12 0.964501
13 0.961886
14 0.959287
15 0.956705
16 0.954139
17 0.951589
18 0.949055
19 0.946537
20 0.944035
21 0.94155
22 0.93908
23 0.936626
24 0.934188
25 0.931766
26 0.92936
27 0.926969
28 0.924595
29 0.922236
30 0.919892
31 0.917565
32 0.915253
33 0.912956
34 0.910675
35 0.90841
36 0.90616
37 0.903925
38 0.901706
39 0.899502
40 0.897313
41 0.89514
42 0.892982
43 0.890839
44 0.888712
45 0.886599
46 0.884502
47 0.88242
48 0.880353
49 0.878301
50 0.876263
51 0.874241
52 0.872234
53 0.870242
54 0.868265
55 0.866302
56 0.864354
57 0.862421
58 0.860503
59 0.8586
60 0.856711
61 0.854837
62 0.852978
63 0.851133
64 0.849303
65 0.847487
66 0.845686
67 0.8439
68 0.842128
69 0.84037
70 0.838627
71 0.836898
72 0.835184
73 0.833484
74 0.831799
75 0.830127
76 0.82847
77 0.826828
78 0.825199
79 0.823585
80 0.821985
81 0.820399
82 0.818828
83 0.81727
84 0.815727
85 0.814198
86 0.812682
87 0.811181
88 0.809694
89 0.808221
90 0.806762
91 0.805317
92 0.803886
93 0.802468
94 0.801065
95 0.799676
96 0.7983
97 0.796938
98 0.79559
99 0.794256
100 0.792936
101 0.791629
102 0.790337
103 0.789058
104 0.787792
105 0.786541
106 0.785303
107 0.784078
108 0.782868
109 0.781671
110 0.780488
111 0.779318
112 0.778162
113 0.777019
114 0.77589
115 0.774775
116 0.773673
117 0.772585
118 0.77151
119 0.770448
120 0.769401
121 0.768366
122 0.767345
123 0.766337
124 0.765343
125 0.764363
126 0.763395
127 0.762441
128 0.761501
129 0.760573
130 0.759659
131 0.758759
132 0.757872
133 0.756998
134 0.756137
135 0.755289
136 0.754455
137 0.753634
138 0.752827
139 0.752032
140 0.751251
141 0.750483
142 0.749729
143 0.748987
144 0.748259
145 0.747544
146 0.746842
147 0.746153
148 0.745477
149 0.744815
150 0.744165
151 0.743529
152 0.742906
153 0.742296
154 0.741699
155 0.741115
156 0.740544
157 0.739986
158 0.739442
159 0.73891
160 0.738392
161 0.737886
162 0.737394
163 0.736914
164 0.736448
165 0.735995
166 0.735554
167 0.735127
168 0.734713
169 0.734311
170 0.733923
171 0.733548
172 0.733185
173 0.732836
174 0.7325
175 0.732176
176 0.731866
177 0.731568
178 0.731284
179 0.731012
180 0.730754
181 0.730508
182 0.730275
183 0.730056
184 0.729849
185 0.729655
186 0.729474
187 0.729306
188 0.729151
189 0.729009
190 0.72888
191 0.728763
192 0.72866
193 0.72857
194 0.728492
195 0.728427
196 0.728376
197 0.728337
198 0.728311
199 0.728298
200 0.728298
201 0.728311
202 0.728337
203 0.728376
204 0.728427
205 0.728492
206 0.72857
207 0.72866
208 0.728763
209 0.72888
210 0.729009
211 0.729151
212 0.729306
213 0.729474
214 0.729655
215 0.729849
216 0.730056
217 0.730275
218 0.730508
219 0.730754
220 0.731012
221 0.731284
222 0.731568
223 0.731866
224 0.732176
225 0.7325
226 0.732836
227 0.733185
228 0.733548
229 0.733923
230 0.734311
231 0.734713
232 0.735127
233 0.735554
234 0.735995
235 0.736448
236 0.736914
237 0.737394
238 0.737886
239 0.738392
240 0.73891
241 0.739442
242 0.739986
243 0.740544
244 0.741115
245 0.741699
246 0.742296
247 0.742906
248 0.743529
249 0.744165
250 0.744815
251 0.745477
252 0.746153
253 0.746842
254 0.747544
255 0.748259
256 0.748987
257 0.749729
258 0.750483
259 0.751251
260 0.752032
261 0.752827
262 0.753634
263 0.754455
264 0.755289
265 0.756137
266 0.756998
267 0.757872
268 0.758759
269 0.759659
270 0.760573
271 0.761501
272 0.762441
273 0.763395
274 0.764363
275 0.765343
276 0.766337
277 0.767345
278 0.768366
279 0.769401
280 0.770448
281 0.77151
282 0.772585
283 0.773673
284 0.774775
285 0.77589
286 0.777019
287 0.778162
288 0.779318
289 0.780488
290 0.781671
291 0.782868
292 0.784078
293 0.785303
294 0.786541
295 0.787792
296 0.789058
297 0.790337
298 0.791629
299 0.792936
300 0.794256
301 0.79559
302 0.796938
303 0.7983
304 0.799676
305 0.801065
306 0.802468
307 0.803886
308 0.805317
309 0.806762
310 0.808221
311 0.809694
312 0.811181
313 0.812682
314 0.814198
315 0.815727
316 0.81727
317 0.818828
318 0.820399
319 0.821985
320 0.823585
321 0.825199
322 0.826828
323 0.82847
324 0.830127
325 0.831799
326 0.833484
327 0.835184
328 0.836898
329 0.838627
330 0.84037
331 0.842128
332 0.8439
333 0.845686
334 0.847487
335 0.849303
336 0.851133
337 0.852978
338 0.854837
339 0.856711
340 0.8586
341 0.860503
342 0.862421
343 0.864354
344 0.866302
345 0.868265
346 0.870242
347 0.872234
348 0.874241
349 0.876263
350 0.878301
351 0.880353
352 0.88242
353 0.884502
354 0.886599
355 0.888712
356 0.890839
357 0.892982
358 0.89514
359 0.897313
360 0.899502
361 0.901706
362 0.903925
363 0.90616
364 0.90841
365 0.910675
366 0.912956
367 0.915253
368 0.917565
369 0.919892
370 0.922236
371 0.924595
372 0.926969
373 0.92936
374 0.931766
375 0.934188
376 0.936626
377 0.93908
378 0.94155
379 0.944035
380 0.946537
381 0.949055
382 0.951589
383 0.954139
384 0.956705
385 0.959287
386 0.961886
387 0.964501
388 0.967133
389 0.96978
390 0.972444
391 0.975125
392 0.977822
393 0.980536
394 0.983266
395 0.986013
396 0.988777
397 0.991558
398 0.994355
399 0.997169
