0 0.99769
1 0.995396
2 0.99312
3 0.99086
4 0.988617
5 0.986391
6 0.984182
7 0.981989
8 0.979813
9 0.977653
10 0.975511
11 0.973384
12 0.971274
13 0.969181
14 0.967104
15 0.965043
16 0.962999
17 0.960971
18 0.958959
19 0.956964
20 0.954984
21 0.953021
22 0.951074
23 0.949144
24 0.947229
25 0.945331
26 0.943448
27 0.941582
28 0.939731
29 0.937896
30 0.936078
31 0.934275
32 0.932488
33 0.930717
34 0.928962
35 0.927222
36 0.925499
37 0.923791
38 0.922098
39 0.920422
40 0.918761
41 0.917115
42 0.915485
43 0.913871
44 0.912273
45 0.910689
46 0.909122
47 0.90757
48 0.906033
49 0.904512
50 0.903006
51 0.901515
52 0.90004
53 0.89858
54 0.897135
55 0.895706
56 0.894292
57 0.892893
58 0.89151
59 0.890142
60 0.888788
61 0.88745
62 0.886128
63 0.88482
64 0.883527
65 0.88225
66 0.880987
67 0.87974
68 0.878507
69 0.87729
70 0.876087
71 0.8749
72 0.873727
73 0.87257
74 0.871427
75 0.870299
76 0.869187
77 0.868089
78 0.867005
79 0.865937
80 0.864884
81 0.863845
82 0.862821
83 0.861812
84 0.860817
85 0.859838
86 0.858873
87 0.857923
88 0.856987
89 0.856066
90 0.85516
91 0.854269
92 0.853392
93 0.85253
94 0.851682
95 0.850849
96 0.850031
97 0.849227
98 0.848438
99 0.847663
100 0.846903
101 0.846157
102 0.845426
103 0.84471
104 0.844008
105 0.84332
106 0.842647
107 0.841989
108 0.841345
109 0.840715
110 0.8401
111 0.839499
112 0.838913
113 0.838341
114 0.837783
115 0.83724
116 0.836712
117 0.836197
118 0.835698
119 0.835212
120 0.834741
121 0.834284
122 0.833842
123 0.833414
124 0.833
125 0.832601
126 0.832216
127 0.831845
128 0.831489
129 0.831147
130 0.830819
131 0.830505
132 0.830206
133 0.829921
134 0.829651
135 0.829395
136 0.829153
137 0.828925
138 0.828712
139 0.828513
140 0.828328
141 0.828157
142 0.828001
143 0.827859
144 0.827731
145 0.827618
146 0.827518
147 0.827433
148 0.827363
149 0.827306
150 0.827264
151 0.827236
152 0.827223
153 0.827223
154 0.827238
155 0.827267
156 0.827311
157 0.827368
158 0.82744
159 0.827526
160 0.827627
161 0.827741
162 0.82787
163 0.828013
164 0.828171
165 0.828343
166 0.828529
167 0.828729
168 0.828943
169 0.829172
170 0.829415
171 0.829673
172 0.829945
173 0.830231
174 0.830531
175 0.830846
176 0.831174
177 0.831518
178 0.831875
179 0.832247
180 0.832633
181 0.833034
182 0.833449
183 0.833878
184 0.834322
185 0.83478
186 0.835252
187 0.835739
188 0.83624
189 0.836755
190 0.837285
191 0.837829
192 0.838388
193 0.838961
194 0.839548
195 0.84015
196 0.840767
197 0.841397
198 0.842043
199 0.842703
200 0.843377
201 0.844065
202 0.844769
203 0.845486
204 0.846219
205 0.846965
206 0.847727
207 0.848503
208 0.849293
209 0.850098
210 0.850918
211 0.851752
212 0.852601
213 0.853464
214 0.854342
215 0.855235
216 0.856142
217 0.857064
218 0.858001
219 0.858952
220 0.859919
221 0.8609
222 0.861895
223 0.862906
224 0.863931
225 0.864971
226 0.866025
227 0.867095
228 0.868179
229 0.869279
230 0.870393
231 0.871522
232 0.872666
233 0.873825
234 0.874998
235 0.876187
236 0.877391
237 0.878609
238 0.879843
239 0.881092
240 0.882356
241 0.883634
242 0.884928
243 0.886237
244 0.887561
245 0.888901
246 0.890255
247 0.891625
248 0.89301
249 0.89441
250 0.895825
251 0.897255
252 0.898701
253 0.900162
254 0.901639
255 0.903131
256 0.904638
257 0.906161
258 0.907699
259 0.909252
260 0.910821
261 0.912406
262 0.914006
263 0.915621
264 0.917252
265 0.918899
266 0.920561
267 0.922239
268 0.923933
269 0.925642
270 0.927367
271 0.929108
272 0.930865
273 0.932637
274 0.934425
275 0.936229
276 0.938049
277 0.939885
278 0.941737
279 0.943605
280 0.945489
281 0.947389
282 0.949305
283 0.951237
284 0.953185
285 0.95515
286 0.95713
287 0.959127
288 0.96114
289 0.963169
290 0.965215
291 0.967277
292 0.969356
293 0.971451
294 0.973562
295 0.97569
296 0.977834
297 0.979995
298 0.982173
299 0.984367
300 0.986578
301 0.988805
302 0.99105
303 0.993311
304 0.995589
305 0.997883
306 1.0002
307 1.00252
308 1.00487
309 1.00723
310 1.00961
311 1.01201
312 1.01442
313 1.01685
314 1.0193
315 1.02177
316 1.02425
317 1.02675
318 1.02927
319 1.0318
320 1.03436
321 1.03693
322 1.03951
323 1.04212
324 1.04474
325 1.04738
326 1.05004
327 1.05272
328 1.05541
329 1.05812
330 1.06085
331 1.0636
332 1.06637
333 1.06915
334 1.07195
335 1.07477
336 1.07761
337 1.08047
338 1.08335
339 1.08624
340 1.08915
341 1.09208
342 1.09503
343 1.098
344 1.10099
345 1.10399
346 1.10701
347 1.11006
348 1.11312
349 1.1162
350 1.1193
351 1.12242
352 1.12556
353 1.12871
354 1.13189
355 1.13509
356 1.1383
357 1.14154
358 1.14479
359 1.14806
360 1.15136
361 1.15467
362 1.158
363 1.16136
364 1.16473
365 1.16812
366 1.17153
367 1.17497
368 1.17842
369 1.18189
370 1.18538
371 1.1889
372 1.19243
373 1.19599
374 1.19956
375 1.20316
376 1.20677
377 1.21041
378 1.21407
379 1.21775
380 1.22145
381 1.22517
382 1.22891
383 1.23268
384 1.23646
385 1.24027
386 1.2441
387 1.24795
388 1.25182
389 1.25571
390 1.25963
391 1.26356
392 1.26752
393 1.27151
394 1.27551
395 1.27953
396 1.28358
397 1.28765
398 1.29175
399 1.29586
