0 0.999004
1 0.998012
2 0.997024
3 0.996041
4 0.995062
5 0.994087
6 0.993116
7 0.99215
8 0.991187
9 0.990229
10 0.989275
11 0.988325
12 0.98738
13 0.986438
14 0.985501
15 0.984568
16 0.983639
17 0.982714
18 0.981794
19 0.980877
20 0.979965
21 0.979057
22 0.978153
23 0.977253
24 0.976358
25 0.975466
26 0.974579
27 0.973695
28 0.972816
29 0.971941
30 0.97107
31 0.970203
32 0.969341
33 0.968482
34 0.967628
35 0.966777
36 0.965931
37 0.965089
38 0.964251
39 0.963417
40 0.962587
41 0.961761
42 0.960939
43 0.960121
44 0.959308
45 0.958498
46 0.957693
47 0.956891
48 0.956094
49 0.955301
50 0.954511
51 0.953726
52 0.952945
53 0.952168
54 0.951395
55 0.950625
56 0.94986
57 0.949099
58 0.948342
59 0.947589
60 0.94684
61 0.946095
62 0.945355
63 0.944618
64 0.943885
65 0.943156
66 0.942431
67 0.94171
68 0.940993
69 0.94028
70 0.939571
71 0.938866
72 0.938165
73 0.937468
74 0.936775
75 0.936086
76 0.935401
77 0.93472
78 0.934043
79 0.93337
80 0.932701
81 0.932035
82 0.931374
83 0.930717
84 0.930063
85 0.929414
86 0.928769
87 0.928127
88 0.927489
89 0.926856
90 0.926226
91 0.9256
92 0.924978
93 0.924361
94 0.923747
95 0.923136
96 0.92253
97 0.921928
98 0.92133
99 0.920735
100 0.920145
101 0.919558
102 0.918976
103 0.918397
104 0.917822
105 0.917251
106 0.916684
107 0.916121
108 0.915562
109 0.915006
110 0.914455
111 0.913907
112 0.913364
113 0.912824
114 0.912288
115 0.911756
116 0.911228
117 0.910703
118 0.910183
119 0.909666
120 0.909154
121 0.908645
122 0.90814
123 0.907639
124 0.907141
125 0.906648
126 0.906159
127 0.905673
128 0.905191
129 0.904713
130 0.904239
131 0.903769
132 0.903302
133 0.90284
134 0.902381
135 0.901926
136 0.901475
137 0.901028
138 0.900585
139 0.900145
140 0.899709
141 0.899278
142 0.89885
143 0.898425
144 0.898005
145 0.897588
146 0.897176
147 0.896767
148 0.896362
149 0.895961
150 0.895563
151 0.895169
152 0.89478
153 0.894394
154 0.894011
155 0.893633
156 0.893258
157 0.892888
158 0.892521
159 0.892158
160 0.891798
161 0.891443
162 0.891091
163 0.890743
164 0.890399
165 0.890058
166 0.889722
167 0.889389
168 0.88906
169 0.888735
170 0.888414
171 0.888096
172 0.887782
173 0.887472
174 0.887166
175 0.886863
176 0.886565
177 0.88627
178 0.885979
179 0.885691
180 0.885408
181 0.885128
182 0.884852
183 0.88458
184 0.884311
185 0.884046
186 0.883786
187 0.883528
188 0.883275
189 0.883025
190 0.88278
191 0.882538
192 0.882299
193 0.882065
194 0.881834
195 0.881607
196 0.881384
197 0.881164
198 0.880948
199 0.880736
200 0.880528
201 0.880324
202 0.880123
203 0.879926
204 0.879733
205 0.879544
206 0.879358
207 0.879176
208 0.878998
209 0.878823
210 0.878653
211 0.878486
212 0.878323
213 0.878163
214 0.878008
215 0.877856
216 0.877708
217 0.877563
218 0.877423
219 0.877286
220 0.877153
221 0.877023
222 0.876897
223 0.876776
224 0.876657
225 0.876543
226 0.876432
227 0.876325
228 0.876222
229 0.876123
230 0.876027
231 0.875935
232 0.875847
233 0.875762
234 0.875681
235 0.875604
236 0.875531
237 0.875462
238 0.875396
239 0.875334
240 0.875276
241 0.875221
242 0.87517
243 0.875123
244 0.87508
245 0.87504
246 0.875004
247 0.874972
248 0.874944
249 0.874919
250 0.874898
251 0.874881
252 0.874867
253 0.874858
254 0.874852
255 0.87485
256 0.874851
257 0.874856
258 0.874865
259 0.874878
260 0.874894
261 0.874915
262 0.874939
263 0.874966
264 0.874998
265 0.875033
266 0.875072
267 0.875114
268 0.875161
269 0.875211
270 0.875265
271 0.875322
272 0.875383
273 0.875449
274 0.875517
275 0.87559
276 0.875666
277 0.875746
278 0.87583
279 0.875917
280 0.876009
281 0.876104
282 0.876202
283 0.876305
284 0.876411
285 0.876521
286 0.876635
287 0.876752
288 0.876873
289 0.876998
290 0.877127
291 0.877259
292 0.877396
293 0.877535
294 0.877679
295 0.877827
296 0.877978
297 0.878133
298 0.878291
299 0.878454
300 0.87862
301 0.87879
302 0.878963
303 0.879141
304 0.879322
305 0.879507
306 0.879696
307 0.879888
308 0.880084
309 0.880284
310 0.880488
311 0.880695
312 0.880907
313 0.881122
314 0.88134
315 0.881563
316 0.881789
317 0.882019
318 0.882253
319 0.882491
320 0.882732
321 0.882977
322 0.883226
323 0.883479
324 0.883735
325 0.883995
326 0.884259
327 0.884527
328 0.884798
329 0.885074
330 0.885353
331 0.885636
332 0.885922
333 0.886213
334 0.886507
335 0.886805
336 0.887106
337 0.887412
338 0.887721
339 0.888034
340 0.888351
341 0.888672
342 0.888996
343 0.889325
344 0.889657
345 0.889992
346 0.890332
347 0.890675
348 0.891023
349 0.891374
350 0.891728
351 0.892087
352 0.892449
353 0.892816
354 0.893186
355 0.89356
356 0.893937
357 0.894319
358 0.894704
359 0.895093
360 0.895486
361 0.895883
362 0.896283
363 0.896687
364 0.897096
365 0.897508
366 0.897923
367 0.898343
368 0.898766
369 0.899194
370 0.899625
371 0.90006
372 0.900499
373 0.900941
374 0.901388
375 0.901838
376 0.902292
377 0.90275
378 0.903212
379 0.903677
380 0.904147
381 0.90462
382 0.905097
383 0.905579
384 0.906063
385 0.906552
386 0.907045
387 0.907541
388 0.908042
389 0.908546
390 0.909054
391 0.909566
392 0.910082
393 0.910601
394 0.911125
395 0.911652
396 0.912184
397 0.912719
398 0.913258
399 0.913801
400 0.914348
401 0.914898
402 0.915453
403 0.916011
404 0.916574
405 0.91714
406 0.91771
407 0.918284
408 0.918862
409 0.919444
410 0.92003
411 0.92062
412 0.921213
413 0.921811
414 0.922412
415 0.923018
416 0.923627
417 0.92424
418 0.924858
419 0.925479
420 0.926104
421 0.926733
422 0.927365
423 0.928002
424 0.928643
425 0.929288
426 0.929936
427 0.930589
428 0.931246
429 0.931906
430 0.93257
431 0.933239
432 0.933911
433 0.934588
434 0.935268
435 0.935952
436 0.93664
437 0.937333
438 0.938029
439 0.938729
440 0.939433
441 0.940141
442 0.940854
443 0.94157
444 0.94229
445 0.943014
446 0.943742
447 0.944474
448 0.94521
449 0.945951
450 0.946695
451 0.947443
452 0.948195
453 0.948951
454 0.949712
455 0.950476
456 0.951244
457 0.952016
458 0.952793
459 0.953573
460 0.954358
461 0.955146
462 0.955939
463 0.956735
464 0.957536
465 0.958341
466 0.95915
467 0.959962
468 0.960779
469 0.9616
470 0.962425
471 0.963254
472 0.964088
473 0.964925
474 0.965766
475 0.966612
476 0.967461
477 0.968315
478 0.969173
479 0.970035
480 0.970901
481 0.971771
482 0.972645
483 0.973524
484 0.974406
485 0.975293
486 0.976183
487 0.977078
488 0.977977
489 0.97888
490 0.979788
491 0.980699
492 0.981615
493 0.982534
494 0.983458
495 0.984386
496 0.985319
497 0.986255
498 0.987196
499 0.988141
500 0.989089
501 0.990043
502 0.991
503 0.991962
504 0.992927
505 0.993897
506 0.994871
507 0.99585
508 0.996832
509 0.997819
510 0.99881
511 0.999805
512 1.0008
513 1.00181
514 1.00282
515 1.00383
516 1.00485
517 1.00587
518 1.00689
519 1.00792
520 1.00895
521 1.00999
522 1.01103
523 1.01208
524 1.01313
525 1.01419
526 1.01524
527 1.01631
528 1.01738
529 1.01845
530 1.01952
531 1.02061
532 1.02169
533 1.02278
534 1.02387
535 1.02497
536 1.02607
537 1.02718
538 1.02829
539 1.02941
540 1.03053
541 1.03165
542 1.03278
543 1.03391
544 1.03505
545 1.03619
546 1.03734
547 1.03849
548 1.03964
549 1.0408
550 1.04197
551 1.04313
552 1.04431
553 1.04548
554 1.04667
555 1.04785
556 1.04904
557 1.05024
558 1.05144
559 1.05264
560 1.05385
561 1.05506
562 1.05628
563 1.0575
564 1.05872
565 1.05996
566 1.06119
567 1.06243
568 1.06367
569 1.06492
570 1.06618
571 1.06743
572 1.06869
573 1.06996
574 1.07123
575 1.07251
576 1.07379
577 1.07507
578 1.07636
579 1.07766
580 1.07896
581 1.08026
582 1.08157
583 1.08288
584 1.0842
585 1.08552
586 1.08684
587 1.08817
588 1.08951
589 1.09085
590 1.09219
591 1.09354
592 1.0949
593 1.09625
594 1.09762
595 1.09899
596 1.10036
597 1.10174
598 1.10312
599 1.1045
600 1.1059
601 1.10729
602 1.10869
603 1.1101
604 1.11151
605 1.11292
606 1.11434
607 1.11577
608 1.1172
609 1.11863
610 1.12007
611 1.12151
612 1.12296
613 1.12441
614 1.12587
615 1.12733
616 1.1288
617 1.13027
618 1.13175
619 1.13323
620 1.13472
621 1.13621
622 1.13771
623 1.13921
624 1.14071
625 1.14223
626 1.14374
627 1.14526
628 1.14679
629 1.14832
630 1.14985
631 1.15139
632 1.15294
633 1.15449
634 1.15604
635 1.1576
636 1.15917
637 1.16074
638 1.16231
639 1.16389
640 1.16548
641 1.16707
642 1.16866
643 1.17026
644 1.17187
645 1.17348
646 1.17509
647 1.17671
648 1.17834
649 1.17997
650 1.18161
651 1.18325
652 1.18489
653 1.18654
654 1.1882
655 1.18986
656 1.19152
657 1.19319
658 1.19487
659 1.19655
660 1.19824
661 1.19993
662 1.20163
663 1.20333
664 1.20504
665 1.20675
666 1.20847
667 1.21019
668 1.21192
669 1.21365
670 1.21539
671 1.21713
672 1.21888
673 1.22063
674 1.22239
675 1.22416
676 1.22593
677 1.2277
678 1.22948
679 1.23127
680 1.23306
681 1.23486
682 1.23666
683 1.23847
684 1.24028
685 1.2421
686 1.24392
687 1.24575
688 1.24759
689 1.24942
690 1.25127
691 1.25312
692 1.25498
693 1.25684
694 1.25871
695 1.26058
696 1.26246
697 1.26434
698 1.26623
699 1.26812
700 1.27002
701 1.27193
702 1.27384
703 1.27576
704 1.27768
705 1.27961
706 1.28154
707 1.28348
708 1.28542
709 1.28737
710 1.28933
711 1.29129
712 1.29326
713 1.29523
714 1.29721
715 1.29919
716 1.30118
717 1.30318
718 1.30518
719 1.30719
720 1.3092
721 1.31122
722 1.31324
723 1.31527
724 1.31731
725 1.31935
726 1.3214
727 1.32345
728 1.32551
729 1.32758
730 1.32965
731 1.33173
732 1.33381
733 1.3359
734 1.33799
735 1.34009
736 1.3422
737 1.34431
738 1.34643
739 1.34855
740 1.35068
741 1.35282
742 1.35496
743 1.35711
744 1.35927
745 1.36143
746 1.36359
747 1.36577
748 1.36795
749 1.37013
750 1.37232
751 1.37452
752 1.37672
753 1.37893
754 1.38115
755 1.38337
756 1.3856
757 1.38783
758 1.39007
759 1.39232
760 1.39457
761 1.39683
762 1.3991
763 1.40137
764 1.40365
765 1.40593
766 1.40822
767 1.41052
768 1.41282
769 1.41513
770 1.41745
771 1.41977
772 1.4221
773 1.42444
774 1.42678
775 1.42913
776 1.43149
777 1.43385
778 1.43622
779 1.43859
780 1.44097
781 1.44336
782 1.44575
783 1.44816
784 1.45056
785 1.45298
786 1.4554
787 1.45783
788 1.46026
789 1.4627
790 1.46515
791 1.4676
792 1.47007
793 1.47253
794 1.47501
795 1.47749
796 1.47998
797 1.48247
798 1.48498
799 1.48748
